-2 -2 4
-3 -5 4
-4 -9 4
-2 -6 4
-2 -8 4
-1 -6 4
-1 -8 4
0 -4 4
1 -2 4
3 -2 4
21 -5 4
18 -2 4
24 0 4
18 2 4
21 5 4
3 2 4
1 2 4
0 4 4
-1 8 4
-1 6 4
-2 8 4
-2 6 4
-4 9 4
-3 5 4
-2 2 4
0 0 -4
-65 9 -4
0 0 4
-3 2 4
-5 1 4
-5 -1 4
-1 -2 4
-1 -4 4
0 -5 4
2 -6 4
2 -2 4
2 -1 4
1 0 4
4 2 4
0 1 4
-1 2 4
0 3 4
2 3 4
3 3 4
0 4 4
0 0 -4
50 0 -4
0 0 4
3 2 4
5 1 4
5 -1 4
1 -2 4
1 -4 4
0 -5 4
-2 -6 4
-2 -2 4
-2 -1 4
-1 0 4
-4 2 4
0 1 4
1 2 4
0 3 4
-2 3 4
-3 3 4
0 4 4
0 0 -4
-50 -2 -4
0 0 4
3 1 4
15 3 4
14 0 4
15 -3 4
3 -1 4
0 0 -4
-40 -41 -4
0 0 4
8 2 4
14 0 4
8 -2 4
2 -2 4
2 -3 4
1 -3 4
0 -2 4
-1 -2 4
-3 -2 4
-3 -1 4
-26 0 4
-3 1 4
-3 2 4
-1 2 4
0 2 4
1 3 4
2 3 4
2 2 4
0 0 -4
4 -3 -4
0 0 4
2 1 4
1 0 4
2 -1 4
1 -3 4
0 -3 4
-1 -3 4
-1 -1 4
-2 0 4
-2 1 4
-1 2 4
0 5 4
1 2 4
0 0 -4
17 0 4
2 1 4
1 0 4
2 -1 4
1 -2 4
0 -5 4
-1 -2 4
-2 -1 4
-2 0 4
-1 1 4
-1 3 4
0 3 4
1 3 4
0 0 -4
-31 12 -4
0 0 4
1 1 4
3 0 4
1 -1 4
0 -3 4
-2 -2 4
-2 1 4
-1 1 4
0 3 4
0 0 -4
45 0 -4
0 0 4
1 1 4
3 0 4
1 -1 4
0 -3 4
-1 -1 4
-2 -1 4
-2 2 4
0 3 4
0 0 -4
-60 -76 -4
0 0 8
20 16 8
18 9 6
19 4 4
8 -2 4
6 -4 4
5 -6 4
4 -19 4
0 -12 4
-6 -18 4
-10 -19 4
-15 -11 4
-6 -1 4
-14 2 4
-13 8 4
-10 7 4
-6 10 4
-1 8 2
1 8 0
41 37 -4
2 -9 2
-5 -17 4
-4 -11 4
-14 -15 4
-17 -6 6
-6 0 6
-9 3 6
-14 9 4
-1 5 4
4 4 2
11 8 2
14 1 2
12 0 2
8 -3 2
11 -7 2
11 -8 2
10 -10 2
11 -15 -4
-123 145 -4
0 0 8
8 -5 8
3 -6 8
-2 -8 6
-4 -5 2
-9 -7 0
-27 -59 -4
0 0 2
14 12 2
9 8 4
12 9 2
6 -1 2
1 -5 2
-3 -5 2
-8 -9 2
-8 -11 2
-7 -10 2
-7 -17 2
0 -7 2
6 -5 2
6 2 2
7 10 2
9 23 2
8 20 2
6 18 -4
-15 -9 -4
0 0 6
-1 -19 6
-1 -22 4
0 -15 4
0 -26 -4
